green	blue	red
0	0	0
0	0	0
0	0	0
0	0	0
0	0	0
0	0	0
0	0	0
0	0	0
0	0	0
0	0	0
0	0	0
0	0	0
0	0	0
0	0	0
0	0	0
0	0	0
0	0	0
0	0	0
0	0	0
0	0	0
0	0	0
0	0	0
0	0	0
0	0	0
0	0	0
0	0	0
0	0	0
0	0	0
0	0	0
0	0	0
0	0	0
0	0	0
0	0	0
0	0	0
0	0	0
0	0	0
0	0	0
0	0	0
0	0	0
1	0	0
3	0	0
7	0	0
15	0	0
30	0	0
54	0	0
91	0	0
145	0	0
221	0	0
320	0	0
443	0	0
587	0	0
760	0	0
956	0	0
1177	0	0
1426	0	0
1701	0	0
2005	0	0
2329	0	0
2686	0	0
3060	0	0
3458	0	0
3887	0	0
4343	0	0
4832	0	0
5343	0	0
5884	0	0
6451	0	0
7043	0	0
7671	0	0
8328	0	0
9009	0	0
9723	0	0
10468	0	0
11247	0	0
12053	0	0
12884	0	0
13741	0	0
14609	0	0
15492	0	0
16367	0	0
17241	0	0
18101	1	1
18960	3	0
19811	7	0
20633	15	0
21419	31	0
22129	63	0
22730	121	0
23180	202	1
23542	250	21
23726	316	29
23805	375	38
23763	413	44
23550	468	39
23209	527	33
22733	581	28
22154	627	23
21380	703	18
20526	746	13
19539	800	8
18409	878	4
17215	931	1
15893	989	0
14690	1009	0
13559	985	0
12206	1033	0
10799	1075	0
9366	1097	0
8017	1061	1
6828	977	0
5703	929	0
4630	898	0
3611	885	0
2706	864	0
1837	855	0
1078	851	0
827	718	0
794	592	0
847	544	0
961	595	0
1177	629	0
1503	658	0
1842	713	0
2226	775	0
2480	923	0
2716	1098	0
2901	1244	0
3034	1306	0
3384	1235	0
3718	1220	0
4123	1163	0
4641	1080	0
5255	1108	0
5868	1187	0
6522	1311	0
7242	1437	0
7740	1618	0
8024	1793	0
7917	2024	0
7712	2184	0
7557	2194	0
7381	2135	0
7026	2147	0
6641	2130	0
6327	2030	0
6226	1899	1
6135	1895	0
5999	1956	0
5882	2013	0
5612	2123	0
5137	2238	0
4692	2352	0
4441	2331	1
4183	2327	0
4000	2253	0
3764	2218	0
3551	2155	0
3290	2120	0
3354	1949	1
3342	1955	0
3280	2012	0
3172	2038	0
3071	2004	1
3106	1973	0
3386	1924	1
3681	1956	0
3984	2021	0
4425	2053	0
4619	2185	0
4586	2336	1
4143	2492	21
3654	2564	62
3162	2487	119
3235	2304	140
3437	2191	148
3502	2278	144
3658	2355	129
3562	2464	114
3441	2585	99
3314	2578	84
3390	2452	69
3427	2356	54
3610	2176	40
3940	2028	31
4154	2053	24
4291	2092	20
4463	2139	17
4661	2164	35
4940	2148	61
5172	2169	136
5425	2226	164
5429	2370	187
5364	2490	258
5246	2546	283
4973	2596	292
4725	2616	319
4421	2604	321
4200	2590	350
4072	2574	346
3846	2560	419
3724	2592	475
3674	2571	558
3653	2405	734
3762	2191	933
3740	2135	1081
3818	2098	1252
4297	1964	1334
4934	1922	1354
5412	2017	1304
5832	2192	1327
6290	2378	1301
6352	2628	1247
6247	2749	1341
5993	2766	1373
5660	2754	1509
5390	2598	1695
5394	2393	1833
5471	2280	1927
5604	2060	1972
5538	2075	2048
5348	2223	2130
5285	2262	2329
5584	2159	2532
6027	2064	2540
6322	2006	2605
6601	2054	2571
6844	2130	2601
6981	2151	2736
7261	2136	2753
7890	1968	2820
8689	1886	2729
9317	1871	2758
9696	2006	2761
9893	2159	2860
9916	2289	3089
9823	2370	3303
9563	2469	3402
9480	2348	3631
9766	2139	3714
9984	2088	3775
10269	1994	3730
10807	1821	3538
11361	1756	3531
11717	1782	3630
11862	1948	3677
11877	2060	4070
11686	2224	4500
11533	2200	5163
11365	2195	5583
11269	2101	5876
11106	2105	6198
10930	2116	6718
10763	2105	7260
10817	2095	7366
11120	2058	7456
11543	1906	8023
12301	1794	8289
12921	1888	8270
13759	1882	8220
14758	1911	7906
15837	1873	7700
17221	1709	7277
18350	1654	6899
19397	1599	6502
20443	1507	6174
21148	1486	5986
21654	1430	5843
22045	1423	5811
22216	1444	5853
22385	1449	6019
22595	1550	5878
22678	1673	5777
22802	1658	5654
22784	1625	5594
22519	1641	5820
21915	1787	6209
20945	1966	6464
20250	1859	6864
19681	1699	7486
19354	1609	7857
19010	1620	8426
18893	1568	9079
18958	1531	9639
19150	1558	10158
19328	1649	10499
19376	1710	10978
19627	1743	11196
20042	1707	11299
20692	1711	11074
21243	1668	10857
21828	1653	10297
22502	1514	9780
23391	1343	9230
24339	1239	8707
25411	1115	8201
26309	1071	7933
27014	1084	7863
27484	1166	7826
27954	1234	7739
28128	1332	7474
27956	1473	7447
27708	1474	7695
27546	1427	8095
27341	1388	8433
27087	1378	9000
27066	1330	9279
27338	1198	9552
27726	1115	9689
28221	1203	9546
28572	1273	9585
28866	1348	9672
28975	1454	9833
28959	1401	10479
28776	1343	10950
28570	1340	11152
28347	1324	11521
28241	1258	11737
28191	1219	11825
28192	1188	11912
28150	1224	11731
28239	1169	11789
28311	1118	12081
28566	1066	12271
28847	1019	12447
29289	1041	12648
30028	1009	12835
30992	990	12827
31945	1002	12842
32991	1027	12293
34068	1000	11700
34732	1010	11342
35174	994	11155
35397	971	11278
35571	941	11391
35742	875	11437
36012	829	11400
36278	844	11414
36418	852	11740
36775	832	11840
37128	890	11582
37179	942	11411
36764	1062	11453
36122	1142	11598
35388	1191	11925
34731	1138	12321
34083	1103	12645
33389	1064	13113
32885	1000	13676
32603	981	14028
32341	957	14258
32347	941	14264
32603	904	14167
33117	885	14092
34103	780	14021
35120	754	13878
36089	776	13688
36845	820	13598
37348	891	13775
37530	996	13648
37352	1090	13545
36917	1164	13559
36242	1152	13715
35545	1080	14239
35085	1020	14371
34690	1016	14369
34345	1015	14511
34466	918	14784
35089	750	14890
35950	669	14682
36824	641	14523
37648	591	14510
38544	546	14315
39466	545	14054
40644	493	13655
41790	475	13126
42866	510	12435
43720	538	12062
44370	583	11768
44575	735	11331
44312	847	11189
43515	902	11527
42629	914	12131
41760	933	12616
41096	852	13189
40530	841	13565
40326	824	13371
40172	793	13413
40074	779	13420
39923	823	13415
39729	856	13320
39658	819	13305
39834	781	12918
40040	742	12659
40441	706	12264
40694	715	11749
40706	752	11335
40716	739	11146
40902	696	11021
41168	633	10825
41701	541	10778
42425	431	10631
43207	392	10224
43980	361	9994
44733	334	9597
45392	320	9306
45890	375	8980
46377	364	8805
47037	352	8429
47588	365	8201
47979	425	7750
48166	493	7472
48120	573	7136
47772	645	6940
46912	728	6936
45663	848	7207
44230	938	7487
42608	1030	7564
40932	1074	7686
39407	1038	7971
38231	942	8525
37285	841	9072
36753	777	9180
36393	781	9138
36319	757	8807
36152	762	8569
36073	776	8447
36304	767	8160
36650	727	7950
37047	677	7774
37231	679	7784
37135	787	7619
36772	890	7431
36047	1026	7294
35298	1041	7265
34821	984	7272
34470	886	7454
34267	863	7335
34353	857	7186
34667	786	7150
35249	699	7119
35727	693	7049
36113	729	7037
36340	771	7063
36220	848	7237
35802	976	7263
35149	1067	7405
34378	1138	7667
33385	1155	8179
32274	1219	8484
31194	1229	8832
30378	1238	8773
29909	1139	8770
29721	1037	8786
29562	1003	8604
29484	990	8379
29244	1069	8153
29364	977	8046
29903	840	7840
30416	766	7656
30965	734	7460
31460	716	7412
32056	729	7312
32734	672	7394
33415	691	7203
34040	742	7045
34622	779	6880
35215	837	6677
35857	851	6393
36513	836	6204
36892	854	6195
37016	944	6115
36678	1036	6163
36005	1120	6269
34779	1221	6605
33167	1288	7100
31628	1253	7834
30142	1244	8470
28805	1277	9048
27851	1269	9387
27213	1215	9534
26519	1241	9623
26197	1189	9837
25883	1157	10080
25704	1146	10023
25490	1123	9918
25385	1164	9801
25791	1120	9786
26678	966	9759
27631	821	10028
28523	751	10085
29276	812	9650
29756	825	9588
30180	793	9747
30810	696	10132
31549	707	10024
32321	731	9884
33073	751	9858
33701	798	9806
34259	842	9768
34494	918	9815
34476	1011	9914
33982	1176	10126
33283	1227	10585
32444	1333	10937
31934	1288	11578
31338	1330	11876
30388	1342	12628
29506	1306	13438
28820	1274	14126
28474	1273	14608
28515	1173	15070
28727	1124	15048
28899	1103	14899
29333	1042	15135
30261	911	15146
31685	697	14955
33374	543	14681
35147	530	13931
36932	522	13153
38428	582	12515
39819	570	12219
41183	564	11828
42375	568	11504
43272	589	11289
44206	562	10984
44842	580	10872
45034	698	10842
44815	817	10903
44483	864	10981
44002	881	11231
43226	903	11635
42212	982	12034
41256	994	12433
40335	1045	12620
39413	1005	12891
38635	910	13060
38029	863	13111
37795	771	12997
38034	686	12647
38676	560	12296
39357	482	12018
40207	499	11351
41033	510	10728
41856	531	10017
42409	529	9503
42798	566	9086
42941	639	8657
42768	757	8194
42256	866	7991
41578	912	7929
40859	882	8206
40149	841	8662
39890	757	8741
40077	613	8800
40285	560	8752
40455	538	8821
40853	537	8700
41305	541	8514
41563	581	8261
41589	667	8059
41325	810	7855
41101	882	7637
40510	928	7772
39800	962	7794
38745	1009	8050
37645	1020	8469
36634	1034	8677
35844	1026	8704
35181	975	8841
34730	911	8905
34739	826	8723
34966	759	8498
35455	702	8092
36136	681	7667
36799	722	7304
37301	738	7094
37476	797	6938
37390	873	6819
37135	900	6825
36709	907	6997
36320	915	6929
36068	870	7035
35644	892	7156
35134	1003	7038
34369	1107	7248
33714	1080	7575
32955	1020	7949
32151	1068	8091
31322	1115	8193
30401	1138	8351
29664	1161	8420
29183	1092	8546
28963	1124	8203
28714	1147	8050
28475	1164	8046
28144	1219	7975
28090	1187	7989
28049	1066	8362
27771	993	8990
27756	1000	9235
28157	921	9410
28813	760	9836
29764	628	9993
30828	582	9958
32014	565	9775
33397	548	9538
34768	595	9091
35779	727	8939
36559	845	8922
36858	987	9002
36611	1147	9234
36170	1196	9717
35457	1225	10328
34545	1248	10810
33671	1229	11353
33056	1194	11613
32568	1120	11804
32200	1059	11729
31628	991	11992
31092	1014	12089
30636	1028	12278
30566	918	12640
31192	778	12554
32077	668	12350
33048	660	11919
34016	655	11651
35020	667	11293
36023	669	10943
36770	680	10854
37422	730	10721
38017	784	10488
38502	862	10186
38967	845	10200
39441	794	10233
39928	736	10285
40369	722	10390
40806	743	10262
41076	775	10033
41294	758	9832
41353	718	9648
41160	758	9394
40867	809	9120
40487	830	8958
40214	850	8641
39869	858	8454
39284	885	8403
38862	859	8482
38350	888	8530
37632	939	8440
36739	936	8633
36052	903	8588
35519	778	8759
34970	716	8975
34634	703	8922
34322	739	8916
34233	736	8803
34273	731	8728
34686	672	8841
35346	660	8685
36032	627	8750
36650	668	8650
37097	712	8758
37371	716	9031
37786	702	9243
38490	624	9352
39042	630	9310
39458	672	9269
39931	695	9099
40613	658	8707
41108	610	8487
41443	584	8435
41879	550	8141
42284	561	7789
42505	594	7292
42606	594	6956
42773	592	6507
42721	616	6113
42584	610	5825
42228	652	5618
41852	673	5419
41428	715	5024
40742	766	4846
39726	853	4806
38405	953	4887
36917	996	5145
35418	1026	5405
34060	1003	5579
32908	945	5792
31895	909	6022
31130	879	6238
30620	824	6343
30342	752	6553
30218	730	6624
30317	686	6661
30523	651	6551
30802	692	6127
30959	735	5844
31096	819	5458
31138	878	5166
30915	949	5031
30525	998	5123
30077	974	5506
29762	997	5625
29581	991	5739
29381	1048	5693
28944	1149	5765
28406	1220	5991
27675	1297	6208
26816	1306	6741
26078	1296	7108
25639	1243	7240
24983	1260	7505
24219	1318	7898
23309	1381	8298
22599	1393	8701
22134	1289	9426
21879	1259	9754
21908	1209	9879
22246	1107	10311
22880	1003	10642
23772	953	10661
24938	890	10476
26061	897	10048
27086	868	9918
28323	815	9789
29481	780	9874
30631	852	9730
31573	923	9732
32228	1013	9706
32484	1192	9594
32421	1265	9839
32101	1332	10172
31655	1360	10525
31167	1334	10716
30310	1324	11347
29474	1278	11950
28710	1234	12676
28102	1196	13385
27898	1136	13937
28271	1060	14113
29059	993	14022
29886	1044	13552
30782	1113	13135
31576	1109	13168
32404	1124	12893
32799	1142	12898
32973	1104	13330
33156	1058	13442
33332	930	13883
33751	806	14064
34362	738	13887
34915	704	13948
35521	646	13972
36407	590	13824
37406	617	13487
38403	647	13078
39348	624	12823
39938	643	12580
40491	692	12162
40757	725	12121
40885	761	12201
41022	794	12075
40843	896	11996
40746	941	11937
40501	951	11896
40075	1010	11868
39526	1053	11868
39313	1029	11722
39284	946	11771
39738	699	11957
40229	573	11790
40674	568	11539
41046	563	11528
41523	542	11279
42004	555	10816
42415	567	10595
42736	616	10303
42998	611	10193
43187	647	9880
43069	748	9502
42776	814	9285
42082	847	9482
41388	842	9784
40995	750	10087
40876	714	9937
40604	713	9740
40240	809	9466
39589	944	9397
38802	998	9531
38131	944	9795
37350	934	10114
36668	947	10198
35782	980	10486
34871	1002	10807
34193	976	11265
33987	930	11534
34360	820	11488
35274	702	11175
36414	630	10710
37529	617	10116
38353	649	9876
38922	653	9765
39486	667	9834
40235	678	9708
41177	649	9462
42083	622	9293
42921	589	9261
43802	570	9033
44432	585	8766
44814	630	8455
44518	740	8370
43776	871	8286
42539	1036	8458
40992	1115	8835
39406	1191	9181
37718	1277	9465
36050	1270	9764
34216	1354	10089
32498	1382	10699
31155	1237	11280
30222	1090	11907
29859	937	12218
29847	818	12479
30116	800	12498
30631	738	12564
31576	682	12290
32794	594	12244
34358	514	11779
35964	484	11013
37539	472	10430
39093	469	9955
40443	479	9386
41742	494	8848
42753	474	8554
43519	481	8234
44147	495	7888
44694	475	7527
44937	487	7187
44957	546	6919
44713	649	6589
44156	742	6557
43311	878	6482
42536	932	6491
41945	889	6623
41319	857	6835
40476	853	7058
39486	931	7106
38350	1007	7344
37440	991	7623
36634	965	7835
35755	986	7868
34990	985	8005
34272	1012	8154
33647	1041	8205
32776	1068	8514
31842	1134	8745
30957	1167	9068
30530	1098	9219
29988	1033	9504
29577	987	9677
29431	934	9659
29334	976	9631
29174	950	9923
29173	967	9865
29205	948	9870
29338	975	9525
29276	998	9538
29321	973	9583
29553	906	9846
30057	769	10285
30764	688	10457
31294	698	10561
31963	763	10407
32496	849	10305
33201	849	10210
34061	781	10041
34778	772	9839
35076	807	9774
35134	828	9843
35123	852	9813
35370	766	9857
35688	695	9887
36272	643	9772
36897	662	9560
37607	571	9639
38541	584	9326
39335	595	9334
40163	628	9121
40869	621	9130
41490	678	8851
41877	749	8617
41934	792	8702
41846	847	8664
41407	943	8657
40630	1054	8651
39579	1145	8494
38286	1195	8591
37128	1199	8814
36141	1088	9147
35342	995	9299
34847	925	9227
34343	925	9186
34071	882	9398
33837	835	9579
33670	844	9698
33554	827	10095
33676	765	10310
34053	756	10221
34594	729	10193
35421	669	10091
36261	640	10069
37296	628	9750
38169	657	9593
38786	709	9382
39215	732	9317
39422	805	9119
39528	791	9189
39632	742	9367
39723	658	9659
39973	620	9706
40320	625	9610
40726	630	9392
41154	658	9139
41494	704	8934
41705	705	8835
41781	735	8567
41691	750	8424
41671	706	8129
41474	724	7845
41166	725	7745
40910	711	7826
40549	706	7847
40433	625	7911
40362	566	8149
40451	549	8192
40472	572	8178
40502	606	8028
40479	705	7724
40101	832	7615
39647	903	7627
38782	985	7825
38133	964	8075
37421	956	8218
36682	930	8418
35956	935	8480
35538	805	8708
35385	771	8507
35498	745	8056
35666	735	7689
35864	743	7334
36032	726	7017
36154	712	6706
36053	783	6357
35762	870	6106
35335	960	5808
34761	998	5790
34169	968	5801
33590	911	5971
32943	868	6349
32436	847	6769
31689	900	7423
30940	996	8069
30214	1093	8759
29687	1191	9139
29353	1205	9524
29350	1165	9728
29185	1180	10104
28705	1293	10433
28279	1267	10952
28074	1183	11370
28395	1047	11656
29157	876	11771
30373	785	11487
31552	694	11144
33014	638	10672
34437	682	9997
35680	734	9376
36857	760	8967
37953	811	8426
38790	801	8102
39316	849	7884
39569	887	7773
39531	943	7526
39033	1037	7352
38011	1156	7355
36748	1222	7428
35481	1180	7766
34257	1166	7789
33406	1085	7843
33295	872	8124
33227	778	8331
33059	747	8710
32967	817	8809
32761	949	8801
32543	1032	8920
32350	1108	9006
32004	1172	9293
31857	1124	9732
31995	1024	9982
32213	903	10257
32463	861	10403
32552	906	10478
32664	925	10722
32618	972	11176
32782	931	11751
32907	971	12322
33117	1036	12537
33141	1144	12622
32883	1239	12856
32889	1240	13154
32952	1165	13369
33257	1072	13518
33675	942	13640
33991	872	13742
34426	788	13864
34980	755	13621
35610	703	13524
36593	651	13234
37708	562	13120
39051	558	12762
40317	592	12456
41633	547	12215
43183	501	11485
44479	456	10994
45759	430	10272
46677	422	9951
47279	465	9670
47537	539	9315
47526	599	9105
47318	637	8851
46890	666	8611
46344	724	8422
45574	765	8380
44568	784	8525
43523	789	8550
42425	831	8403
41435	841	8408
40756	807	8404
40199	816	8159
39604	907	7821
39130	845	7834
39039	728	7654
39150	611	7435
39100	612	7162
38746	686	7162
38614	652	7256
38759	549	7399
39015	549	7298
39395	508	7210
39950	468	7011
40589	455	6724
41174	494	6204
41683	521	5781
42012	539	5433
42225	548	5100
42152	593	4850
41791	652	4621
41178	734	4384
40342	784	4486
39336	851	4452
37997	957	4675
36908	968	4880
35837	970	5253
34662	990	5626
33348	1028	6136
32130	1076	6162
30680	1149	6331
29188	1161	6779
28122	1143	7007
27244	1065	7282
26520	994	7751
26028	963	7987
25771	883	8181
25739	872	8067
25653	913	7952
25699	941	7862
25698	936	8102
25627	963	8393
25643	1064	8266
25425	1229	8320
25180	1133	9086
25092	1126	9530
25241	979	10220
25673	928	10344
26226	888	10342
26873	884	10340
27567	894	10111
28059	924	9882
28331	942	9814
28569	942	9812
28935	925	9750
29462	909	9649
30199	811	9542
30978	819	9374
31822	808	9240
32451	893	9027
32753	1000	9044
32769	1091	8978
32635	1107	8897
32495	1052	8701
32349	960	8852
32446	859	8925
32651	828	8894
32847	777	9047
32912	801	9202
32957	835	9435
33041	857	9950
33240	933	10253
33459	998	10429
33737	1040	10739
33996	965	11173
34379	951	11136
34630	986	11011
34687	1031	11035
34596	1106	10943
34460	1139	10717
34472	1056	10781
34463	1004	11066
34729	1061	10748
35129	967	10491
35689	919	10171
36212	921	9671
36522	1022	9162
36350	1167	8937
35844	1183	9087
35503	1102	9206
35177	1004	9304
34863	981	9373
34847	922	9385
35141	874	9239
35749	803	9248
36427	752	9024
37155	704	8778
37727	693	8887
38202	708	9088
38455	731	9337
38761	745	9742
38874	829	10343
39032	881	10923
39017	949	11425
38900	1059	11491
38296	1207	11444
37394	1309	11489
36051	1384	11694
34765	1416	11807
33741	1371	11880
32800	1271	11980
32003	1175	12262
31538	1065	12220
31188	974	12133
31021	906	12020
31079	809	12084
31766	613	11917
32859	537	11488
33964	552	10894
34937	662	10304
35902	702	9784
36836	726	9329
